int list2[] = {,
,
    43247,
86274,
49508,
32621,
24390,
25877,
76591,
97627,
78355,
95603,
46881,
48861,
46535,
82832,
80435,
97081,
93078,
33525,
39046,
22697,
44855,
28080,
37268,
57220,
24106,
84119,
11658,
35044,
46719,
30334,
37567,
61384,
78355,
81803,
64130,
43397,
78355,
21557,
37493,
74561,
26129,
18604,
18949,
94076,
96329,
18949,
25877,
55331,
25331,
96985,
13064,
84119,
84119,
89583,
70388,
21557,
37248,
14924,
25877,
89358,
93359,
17718,
87744,
74439,
46049,
84042,
54372,
18949,
84290,
94076,
80200,
25877,
65701,
64862,
64130,
21557,
89105,
80363,
38916,
89505,
52549,
57706,
61533,
29624,
38621,
81963,
65619,
79314,
55790,
36712,
18682,
89105,
72795,
99936,
44855,
63445,
74453,
56570,
64877,
54838,
59602,
43397,
89105,
92731,
38715,
77797,
55500,
46765,
18604,
65320,
33525,
29049,
37858,
31877,
36971,
11658,
72885,
19427,
71641,
91217,
92389,
21977,
13098,
73919,
62354,
92354,
36755,
38916,
18949,
89105,
55505,
54756,
20247,
78355,
18604,
87051,
36242,
52070,
46971,
28232,
70188,
94076,
46765,
20705,
70494,
87895,
92389,
51527,
79256,
56338,
20553,
72978,
83495,
95603,
16267,
18861,
94076,
60961,
33525,
71105,
96813,
38916,
55494,
78733,
46049,
91487,
19994,
21557,
71423,
38193,
61929,
47012,
46807,
57706,
46330,
94523,
56680,
64021,
66745,
99911,
59602,
46049,
32947,
90834,
88496,
87895,
87895,
35220,
34458,
10796,
12657,
11658,
50898,
82731,
51105,
21043,
49653,
46049,
71098,
84119,
34678,
15014,
68139,
60019,
91452,
54756,
69548,
25877,
47410,
26955,
18604,
76729,
24731,
97949,
83219,
94794,
46568,
92389,
78355,
82227,
87054,
21885,
38916,
15098,
13064,
23769,
45110,
64130,
83138,
75063,
80130,
39710,
95254,
11658,
59602,
43397,
61228,
83392,
25974,
84119,
45477,
85739,
80029,
27759,
40669,
78733,
36352,
18604,
98104,
94800,
59347,
83263,
48052,
84119,
33525,
59736,
29522,
18949,
33835,
94076,
89436,
43098,
25877,
92389,
56920,
69579,
77527,
18604,
56823,
45980,
49455,
77706,
83985,
32583,
92389,
79772,
70686,
33562,
86747,
53411,
92389,
36731,
51921,
36899,
59602,
25877,
30360,
58701,
40775,
21557,
31315,
92389,
63327,
50557,
38916,
62284,
36755,
46049,
27663,
20695,
34897,
54756,
49834,
21557,
10118,
38916,
98669,
52398,
13064,
94877,
75715,
33406,
17013,
92731,
57616,
95467,
78668,
57578,
89298,
36154,
57706,
88948,
44855,
81963,
37822,
14536,
13064,
28147,
45817,
11658,
99017,
49398,
21330,
84119,
92389,
16659,
40633,
92731,
33525,
23662,
84119,
78355,
89105,
90570,
87895,
99558,
70779,
89571,
81053,
59602,
16580,
12017,
92389,
18949,
42852,
37272,
31527,
64837,
30334,
55500,
29683,
55674,
79934,
66991,
36755,
89105,
36949,
90250,
97379,
73711,
78733,
35803,
70976,
65606,
41409,
18142,
13064,
95603,
54756,
72521,
84119,
94076,
21557,
59602,
11658,
13064,
37442,
93363,
30567,
49428,
94076,
88853,
33525,
21883,
89105,
87287,
78355,
81064,
59602,
46049,
65637,
78733,
46049,
94076,
11405,
38172,
39922,
66587,
34984,
25293,
64307,
85073,
67935,
16722,
55573,
67382,
18346,
94909,
38240,
20061,
87895,
39960,
92389,
16618,
21557,
43033,
98892,
54756,
96724,
33525,
37921,
45435,
44855,
59236,
13064,
64292,
11658,
49320,
44622,
30334,
67872,
64130,
46505,
59634,
44855,
43397,
26867,
81979,
84119,
56484,
32741,
94076,
54756,
28287,
57798,
76103,
91571,
68493,
11658,
27741,
40905,
15695,
94076,
84932,
46049,
65450,
23086,
11658,
95603,
88443,
92731,
87718,
38916,
87391,
23555,
10760,
21360,
59602,
33525,
59602,
47764,
25877,
63838,
89105,
87895,
30334,
71616,
89583,
94076,
72033,
56312,
44193,
36463,
89105,
84119,
78355,
43397,
55560,
89583,
88496,
37187,
33525,
52362,
40364,
37822,
36755,
13064,
92731,
87895,
95544,
13064,
71080,
93885,
92389,
44855,
57706,
84160,
34872,
42239,
12710,
46765,
81963,
87895,
32043,
13560,
82551,
21557,
27626,
92731,
29771,
82984,
86982,
89583,
59602,
18827,
55500,
88496,
39685,
50117,
89105,
96648,
87895,
88789,
55500,
55500,
48350,
38819,
87895,
18170,
65778,
37822,
78355,
37822,
18604,
37732,
86956,
81963,
34172,
46765,
13064,
57292,
69210,
54561,
51717,
55821,
94076,
59602,
11658,
89583,
27555,
21557,
59602,
84119,
78733,
97263,
74748,
29296,
86451,
73826,
46049,
49056,
90778,
13064,
78355,
76310,
36763,
90361,
34228,
69070,
40165,
78355,
88496,
11658,
89298,
29744,
24165,
33525,
94076,
23698,
45135,
54756,
61081,
46765,
98619,
30507,
38149,
92731,
69457,
52523,
19551,
49917,
66109,
18949,
46765,
30863,
17712,
43084,
31308,
57706,
47808,
78355,
59304,
98367,
46049,
76839,
58781,
13064,
21557,
75251,
42057,
43570,
94076,
33525,
90741,
11661,
64879,
49516,
92731,
25877,
26251,
78355,
36637,
91162,
54756,
81963,
11679,
51743,
87895,
30208,
71381,
16565,
84119,
37169,
59480,
92389,
92731,
37822,
38916,
88746,
44974,
77339,
78733,
54756,
71023,
79170,
64349,
76824,
31734,
18949,
92664,
21297,
62545,
37912,
46049,
16941,
25877,
92731,
61300,
38916,
38167,
89105,
17462,
87895,
21767,
91900,
89583,
22347,
18604,
43397,
81963,
46765,
46049,
60086,
68655,
29860,
26973,
54756,
20932,
94983,
70376,
15417,
64992,
80150,
36679,
35204,
36755,
11658,
94076,
76789,
32688,
51577,
89105,
38916,
89298,
18949,
18949,
23826,
72862,
79137,
37761,
42343,
22628,
44855,
64072,
66349,
18604,
27197,
73243,
29713,
89105,
92731,
22203,
87573,
46049,
57706,
26784,
25533,
96604,
15962,
92731,
95299,
57706,
92389,
18949,
30470,
46833,
70059,
43397,
57706,
46049,
41449,
39922,
30437,
86312,
73204,
17932,
49561,
32416,
77300,
87895,
31951,
52679,
36086,
60372,
18949,
43899,
84119,
18604,
18882,
81963,
35229,
79899,
90831,
94076,
36755,
70595,
67767,
71203,
75627,
57706,
78733,
46064,
21986,
98462,
89583,
31183,
27572,
74102,
25877,
49593,
44855,
76536,
82906,
29471,
75384,
52147,
38916,
69462,
46049,
65861,
87895,
92731,
84119,
69403,
39760,
55500,
32313,
92206,
18271,
89298,
38916,
84119,
63437,
30220,
39922,
61633,
48646,
24993,
11916,
89298,
84119,
59383,
88496,
48581,
42448,
25087,
58504,
25841,
56027,
21076,
59093,
54756,
57143,
25682,
11742,
99423,
76330,
94076,
96837,
13064,
40310,
78355,
28621,
63456,
38916,
30769,
36020,
26539,
38379,
97177,
48449,
36755,
39170,
53432,
67137,
64647,
98396,
27809,
69851,
21699,
18604,
87895,
92605,
22257,
95907,
92731,
38916,
71090,
51743,
55500,
54756,
91431,
38916,
78355,
98785,
92389,
54374,
86765,
84119,
10069,
25895,
33198,
84855,
84119,
81867,
54756,
69110,
35674,
11783,
78355,
74151,
93840,
41957,
62251,
59602,
21557,
71740,
21557,
39123,
89105,
93393,
54756,
25877,
94076,
86075,
39152,
48895,
77140,
18949,
19561,
77709,
95732,
37822,
85001,
50484,
44855,
95603,
54756,
54951,
88496,
18949,
46765,
70279,
13064,
13064,
99852,
78355,
54756,
96608,
18949,
46765,
30334,
25877,
37401,
52436,
89105,
33525,
34213,
46049,
22919,
68087,
57763,
43397,
69469,
46049,
87797,
82280,
27404,
17978,
31603,
92731,
42077,
91117,
50594,
48461,
64802,
71018,
87895,
46049,
75255,
70789,
78733,
43405,
80075,
94076,
43326,
32463,
46049,
98633,
75943,
54756,
53725,
78355,
56220,
81079,
32813,
36755,
98202,
92731,
63190,
21557,
87895,
18949,
29022,
84119,
57175,
94076,
24236,
92731,
43397,
59771,
13051,
83332,
43397,
54756,
43502,
75847,
38453,
72168,
59466,
}